0 0.145986 0.654505 0.285586 0.673958
0 0.446626 0.601589 0.337588 0.555964
0 0.727192 0.523724 0.130479 0.397812
0 0.913784 0.546836 0.120439 0.239661
0 0.813413 0.462897 0.124092 0.246966
0 0.949590 0.481751 0.100820 0.257904
0 0.348086 0.354017 0.031016 0.031628
0 0.614512 0.356452 0.018242 0.024336
0 0.659673 0.374694 0.030107 0.036497
0 0.700273 0.369225 0.025547 0.045013
0 0.665605 0.349759 0.025547 0.032852
0 0.724912 0.358887 0.018242 0.026758
0 0.823452 0.366790 0.027373 0.035273
0 0.909673 0.364355 0.028291 0.027982
0 0.871812 0.366185 0.020068 0.024323
0 0.029199 0.335156 0.015508 0.025547
0 0.069351 0.328470 0.046533 0.019466
